Case: Indices
-------------

 0: 00000000
-0: 11111111

---

 1: 00000001 00000010 00000100 00001000  00010000 00100000 01000000 10000000
-1: 11111110 11111101 11111011 11110111  11101111 11011111 10111111 01111111

---

 2: 00000011 00000110 00001100 00001001  00110000 01100000 11000000 10010000  00010001 00100010 01000100 10001000
-2: 11111100 11111001 11110011 11110110  11001111 10011111 00111111 01101111  11101110 11011101 10111011 01110111

 3: 00000101 00001010 01010000 10100000  00100001 10000001 00010010 01000010  10000100 00100100 00011000 01001000
-3: 11111010 11110101 10101111 01011111  11011110 01111110 11101101 10111101  01111011 11011011 11100111 10110111
 
 4: 01000001 10000010 00010100 00101000
-4: 10111110 01111101 11101011 11010111
 
---

 5: 00000111 00001110 00001101 00001011  01110000 11100000 11010000 10110000  00010011 00100011 00110001 00110010  00100110 01000110 01100010 01100100  01001100 10001100 11000100 11001000  10001001 00011001 10011000 10010001
-5: 11111000 11110001 11110010 11110100  10001111 00011111 00101111 01001111  11101100 11011100 11001110 11001101  11011001 10111001 10011101 10011011  10110011 01110011 00111011 00110111  01110110 11100110 01100111 01101110
 
 6: 10000011 01000011 00010110 10000110  00101100 00011100 01001001 00101001  00111000 00110100 01100001 01101000  11000010 11000001 10010100 10010010  00010101 01010001 00101010 10100010  01000101 01010100 10001010 10101000
-6: 01111100 10111100 11101001 01111001  11010011 11100011 10110110 11010110  11000111 11001011 10011110 10010111  00111101 00111110 01101011 01101101  11101010 10101110 11010101 01011101  10111010 10101011 01110101 01010111
 
 7: 00100101 10000101 01001010 00011010  01010010 01011000 10100100 10100001
-7: 11011010 01111010 10110101 11100101  10101101 10100111 01011011 01011110
 
---

 8: 00001111 11110000 00110011 01100110  11001100 10011001
 
 9: 00100111 01001110 10001101 00011011  01110010 11100100 11011000 10110001
 
10: 01010101 10101010 11000011 10010110  00111100 01101001

11: 00010111 00101110 01001101 10001011  11010001 10110010 01110100 11101000  01100011 11000110 10011100 00111001

12: 10000111 00011110 00101101 01001011  01111000 11100001 11010010 10110100  01010011 10100011 00110101 00111010  10100110 01010110 01101010 01100101  0101110010101100 11000101 11001010  10101001 01011001 10011010 10010101

13: 10100101 01011010

14: 01000111 10001110 00011101 00101011  11010100 10111000 01110001 11100010  10010011 00110110 01101100 11001001

-------------------------------------------------------

The cases refer to the 15 main cases present in Marching Cubes while the indices represent all possible corner configurations of a voxel for those cases.
Negative cases are the inverse of their non-negative counterpart.
The bits of the numbers correspond 1:1 to the number of the corners of a voxel so the rightmost bit (bit 0) corresponds to corner 0 and the leftmost bit (bit 7) corresponds to corner 7. It is essentially a bit mask.
